=== Average statistics (CEC2022 F9, Dim=10) ===
---------------------------------------------------------------------------------------------------
Algorithm		Best		Mean		Std		Median		SE		ConvIter	ΔMean		ΔIter
---------------------------------------------------------------------------------------------------
iPWO              	2.529e+03	2.529e+03	0.000e+00	2.529e+03	0.000e+00	340.1	0.000e+00	0.0
PWO               	2.529e+03	2.538e+03	3.492e+01	2.529e+03	4.889e+00	2830.5	8.648e+00	2490.4
SFOA              	2.537e+03	2.627e+03	5.060e+01	2.636e+03	7.086e+00	148.4	9.747e+01	-191.8
DRA               	2.620e+03	2.738e+03	3.706e+01	2.742e+03	5.189e+00	1753.9	2.087e+02	1413.8
MGO               	2.529e+03	2.529e+03	7.072e-01	2.529e+03	9.902e-02	859.6	1.194e-01	519.5
LCA               	2.679e+03	2.917e+03	1.233e+02	2.932e+03	1.726e+01	126.3	3.874e+02	-213.9
DE                	2.529e+03	2.530e+03	2.976e+00	2.529e+03	4.167e-01	368.2	5.143e-01	28.1
PSO               	2.529e+03	2.541e+03	3.089e+01	2.530e+03	4.325e+00	586.3	1.157e+01	246.1
GWO               	2.529e+03	2.562e+03	3.479e+01	2.562e+03	4.872e+00	3332.7	3.282e+01	2992.6
