=== Average statistics (CEC2022 F9, Dim=20) ===
---------------------------------------------------------------------------------------------------
Algorithm		Best		Mean		Std		Median		SE		ConvIter	ΔMean		ΔIter
---------------------------------------------------------------------------------------------------
iPWO              	2.481e+03	2.481e+03	4.593e-13	2.481e+03	6.431e-14	721.4	0.000e+00	0.0
PWO               	2.482e+03	2.524e+03	9.282e+01	2.497e+03	1.300e+01	6284.8	4.322e+01	5563.5
SFOA              	2.510e+03	2.599e+03	6.684e+01	2.579e+03	9.359e+00	236.7	1.183e+02	-484.7
DRA               	2.689e+03	3.017e+03	1.169e+02	3.024e+03	1.637e+01	2806.7	5.365e+02	2085.4
MGO               	2.481e+03	2.481e+03	4.618e-02	2.481e+03	6.466e-03	2170.4	8.111e-03	1449.1
LCA               	3.087e+03	4.050e+03	5.379e+02	3.944e+03	7.532e+01	1.6	1.569e+03	-719.7
DE                	2.481e+03	2.481e+03	1.752e+00	2.481e+03	2.453e-01	2237.4	6.752e-01	1516.0
PSO               	2.481e+03	2.524e+03	5.852e+01	2.505e+03	8.195e+00	1367.9	4.348e+01	646.5
GWO               	2.481e+03	2.506e+03	2.118e+01	2.499e+03	2.966e+00	6664.1	2.502e+01	5942.7
