=== Average statistics (CEC2022 F1, Dim=10) ===
---------------------------------------------------------------------------------------------------
Algorithm		Best		Mean		Std		Median		SE		ConvIter	ΔMean		ΔIter
---------------------------------------------------------------------------------------------------
iPWO              	3.000e+02	3.000e+02	0.000e+00	3.000e+02	0.000e+00	777.8	0.000e+00	0.0
PWO               	3.000e+02	5.017e+02	1.440e+03	3.000e+02	2.017e+02	3073.4	2.017e+02	2295.6
SFOA              	2.210e+03	1.296e+04	8.574e+03	1.117e+04	1.201e+03	127.8	1.266e+04	-650.0
DRA               	4.873e+03	1.586e+04	4.666e+03	1.707e+04	6.533e+02	1609.5	1.556e+04	831.7
MGO               	3.000e+02	3.058e+02	1.838e+01	3.002e+02	2.574e+00	3326.0	5.782e+00	2548.2
LCA               	4.739e+03	1.041e+04	1.775e+03	1.045e+04	2.486e+02	754.5	1.011e+04	-23.3
DE                	3.000e+02	3.368e+02	1.615e+02	3.000e+02	2.262e+01	1778.8	3.676e+01	1001.0
PSO               	3.000e+02	3.000e+02	3.771e-14	3.000e+02	5.280e-15	1128.3	0.000e+00	350.5
GWO               	3.083e+02	1.418e+03	1.781e+03	4.672e+02	2.495e+02	3333.8	1.118e+03	2556.0
