=== Average statistics (CEC2022 F12, Dim=10) ===
---------------------------------------------------------------------------------------------------
Algorithm		Best		Mean		Std		Median		SE		ConvIter	ΔMean		ΔIter
---------------------------------------------------------------------------------------------------
iPWO              	2.861e+03	2.864e+03	8.810e-01	2.865e+03	1.234e-01	531.9	0.000e+00	0.0
PWO               	2.864e+03	2.972e+03	6.662e+01	2.962e+03	9.329e+00	2839.4	1.076e+02	2307.5
SFOA              	2.862e+03	2.870e+03	4.049e+00	2.869e+03	5.670e-01	140.9	5.515e+00	-391.0
DRA               	2.905e+03	2.963e+03	2.195e+01	2.968e+03	3.073e+00	1592.0	9.832e+01	1060.1
MGO               	2.859e+03	2.863e+03	1.989e+00	2.863e+03	2.785e-01	3242.8	-1.230e+00	2710.9
LCA               	2.931e+03	3.110e+03	1.182e+02	3.089e+03	1.654e+01	1.0	2.459e+02	-530.9
DE                	2.861e+03	2.864e+03	1.380e+00	2.865e+03	1.932e-01	561.1	9.398e-02	29.2
PSO               	2.862e+03	2.881e+03	1.950e+01	2.873e+03	2.731e+00	502.1	1.672e+01	-29.8
GWO               	2.862e+03	2.867e+03	6.325e+00	2.865e+03	8.857e-01	3256.6	2.720e+00	2724.7
