=== Average statistics (CEC2022 F4, Dim=10) ===
---------------------------------------------------------------------------------------------------
Algorithm		Best		Mean		Std		Median		SE		ConvIter	ΔMean		ΔIter
---------------------------------------------------------------------------------------------------
iPWO              	8.020e+02	8.057e+02	2.338e+00	8.050e+02	3.274e-01	1541.5	0.000e+00	0.0
PWO               	8.110e+02	8.342e+02	1.112e+01	8.328e+02	1.557e+00	2399.1	2.849e+01	857.6
SFOA              	8.312e+02	8.583e+02	1.196e+01	8.589e+02	1.675e+00	71.3	5.261e+01	-1470.1
DRA               	8.514e+02	8.784e+02	9.461e+00	8.801e+02	1.325e+00	1256.7	7.275e+01	-284.8
MGO               	8.020e+02	8.067e+02	2.402e+00	8.070e+02	3.363e-01	3330.7	1.029e+00	1789.2
LCA               	8.626e+02	8.847e+02	9.850e+00	8.841e+02	1.379e+00	80.7	7.898e+01	-1460.8
DE                	8.010e+02	8.105e+02	6.847e+00	8.090e+02	9.588e-01	1032.5	4.757e+00	-509.0
PSO               	8.040e+02	8.125e+02	5.895e+00	8.119e+02	8.254e-01	1035.7	6.775e+00	-505.7
GWO               	8.040e+02	8.153e+02	7.137e+00	8.142e+02	9.994e-01	2884.1	9.639e+00	1342.6
