=== Average statistics (CEC2022 F7, Dim=10) ===
---------------------------------------------------------------------------------------------------
Algorithm		Best		Mean		Std		Median		SE		ConvIter	ΔMean		ΔIter
---------------------------------------------------------------------------------------------------
iPWO              	2.000e+03	2.000e+03	1.827e-01	2.000e+03	2.558e-02	1310.4	0.000e+00	0.0
PWO               	2.026e+03	2.102e+03	4.377e+01	2.099e+03	6.129e+00	2592.5	1.017e+02	1282.1
SFOA              	2.045e+03	2.078e+03	2.203e+01	2.073e+03	3.085e+00	93.1	7.845e+01	-1217.3
DRA               	2.060e+03	2.114e+03	1.947e+01	2.113e+03	2.727e+00	1515.7	1.141e+02	205.3
MGO               	2.000e+03	2.006e+03	8.890e+00	2.001e+03	1.245e+00	2739.3	5.973e+00	1428.9
LCA               	2.111e+03	2.170e+03	3.147e+01	2.168e+03	4.407e+00	181.6	1.704e+02	-1128.8
DE                	2.000e+03	2.009e+03	9.942e+00	2.002e+03	1.392e+00	915.8	9.220e+00	-394.5
PSO               	2.001e+03	2.018e+03	7.301e+00	2.021e+03	1.022e+00	2060.2	1.789e+01	749.8
GWO               	2.001e+03	2.026e+03	1.223e+01	2.026e+03	1.713e+00	3146.9	2.597e+01	1836.5
