=== Average statistics (CEC2022 F10, Dim=20) ===
---------------------------------------------------------------------------------------------------
Algorithm		Best		Mean		Std		Median		SE		ConvIter	ΔMean		ΔIter
---------------------------------------------------------------------------------------------------
iPWO              	2.400e+03	2.507e+03	6.795e+01	2.500e+03	9.515e+00	5012.5	0.000e+00	0.0
PWO               	2.501e+03	4.866e+03	1.049e+03	5.147e+03	1.469e+02	5608.5	2.359e+03	596.0
SFOA              	2.503e+03	4.969e+03	1.825e+03	5.967e+03	2.555e+02	282.8	2.461e+03	-4729.7
DRA               	2.604e+03	3.429e+03	5.652e+02	3.307e+03	7.914e+01	3226.5	9.219e+02	-1786.1
MGO               	2.413e+03	2.510e+03	5.353e+01	2.500e+03	7.496e+00	6054.6	2.837e+00	1042.0
LCA               	3.362e+03	7.538e+03	8.198e+02	7.760e+03	1.148e+02	140.8	5.030e+03	-4871.7
DE                	2.500e+03	2.787e+03	3.220e+02	2.702e+03	4.509e+01	2860.3	2.796e+02	-2152.2
PSO               	2.501e+03	3.096e+03	5.238e+02	2.996e+03	7.335e+01	1769.7	5.893e+02	-3242.8
GWO               	2.500e+03	3.370e+03	5.523e+02	3.413e+03	7.734e+01	6646.1	8.624e+02	1633.5
