=== Average statistics (CEC2022 F5, Dim=20) ===
---------------------------------------------------------------------------------------------------
Algorithm		Best		Mean		Std		Median		SE		ConvIter	ΔMean		ΔIter
---------------------------------------------------------------------------------------------------
iPWO              	9.000e+02	9.000e+02	3.230e-02	9.000e+02	4.523e-03	665.5	0.000e+00	0.0
PWO               	2.408e+03	2.532e+03	1.080e+02	2.494e+03	1.512e+01	6337.0	1.632e+03	5671.5
SFOA              	1.950e+03	3.936e+03	1.281e+03	3.791e+03	1.794e+02	123.5	3.036e+03	-542.1
DRA               	4.439e+03	5.866e+03	3.437e+02	6.069e+03	4.813e+01	672.0	4.966e+03	6.4
MGO               	9.000e+02	9.002e+02	5.814e-01	9.000e+02	8.142e-02	6663.3	2.055e-01	5997.8
LCA               	3.804e+03	5.019e+03	5.547e+02	5.023e+03	7.767e+01	429.9	4.118e+03	-235.6
DE                	9.000e+02	9.071e+02	2.485e+01	9.020e+02	3.479e+00	2061.2	7.062e+00	1395.7
PSO               	9.011e+02	9.388e+02	9.159e+01	9.095e+02	1.282e+01	3584.2	3.879e+01	2918.7
GWO               	9.021e+02	1.186e+03	2.778e+02	1.089e+03	3.889e+01	5853.1	2.865e+02	5187.6
