=== Average statistics (CEC2022 F4, Dim=20) ===
---------------------------------------------------------------------------------------------------
Algorithm		Best		Mean		Std		Median		SE		ConvIter	ΔMean		ΔIter
---------------------------------------------------------------------------------------------------
iPWO              	8.080e+02	8.174e+02	5.353e+00	8.179e+02	7.495e-01	4680.0	0.000e+00	0.0
PWO               	8.766e+02	8.974e+02	1.587e+01	8.945e+02	2.222e+00	5689.8	7.996e+01	1009.8
SFOA              	9.114e+02	9.732e+02	2.760e+01	9.740e+02	3.865e+00	139.0	1.558e+02	-4541.0
DRA               	9.953e+02	1.027e+03	1.235e+01	1.028e+03	1.730e+00	2517.0	2.098e+02	-2163.0
MGO               	8.140e+02	8.301e+02	7.782e+00	8.304e+02	1.090e+00	6663.1	1.261e+01	1983.1
LCA               	9.876e+02	1.041e+03	2.477e+01	1.038e+03	3.469e+00	249.4	2.235e+02	-4430.6
DE                	8.080e+02	8.246e+02	1.391e+01	8.204e+02	1.947e+00	2472.7	7.196e+00	-2207.3
PSO               	8.129e+02	8.416e+02	1.643e+01	8.403e+02	2.300e+00	2255.1	2.419e+01	-2424.9
GWO               	8.207e+02	8.584e+02	3.126e+01	8.458e+02	4.377e+00	5416.7	4.092e+01	736.7
