=== Average statistics (CEC2022 F3, Dim=20) ===
---------------------------------------------------------------------------------------------------
Algorithm		Best		Mean		Std		Median		SE		ConvIter	ΔMean		ΔIter
---------------------------------------------------------------------------------------------------
iPWO              	6.000e+02	6.000e+02	6.073e-07	6.000e+02	8.504e-08	874.3	0.000e+00	0.0
PWO               	6.467e+02	6.650e+02	6.630e+00	6.659e+02	9.284e-01	5306.8	6.500e+01	4432.5
SFOA              	6.299e+02	6.606e+02	1.710e+01	6.593e+02	2.394e+00	182.3	6.056e+01	-692.0
DRA               	6.649e+02	6.878e+02	6.808e+00	6.875e+02	9.533e-01	3355.9	8.776e+01	2481.6
MGO               	6.000e+02	6.000e+02	2.667e-03	6.000e+02	3.734e-04	2297.4	6.258e-04	1423.1
LCA               	6.760e+02	7.091e+02	1.022e+01	7.100e+02	1.431e+00	229.6	1.091e+02	-644.7
DE                	6.000e+02	6.000e+02	2.600e-01	6.000e+02	3.640e-02	1185.2	4.972e-02	310.8
PSO               	6.000e+02	6.021e+02	2.419e+00	6.012e+02	3.387e-01	3123.5	2.104e+00	2249.2
GWO               	6.003e+02	6.038e+02	3.996e+00	6.022e+02	5.596e-01	6666.2	3.767e+00	5791.8
