=== Average statistics (CEC2022 F6, Dim=10) ===
---------------------------------------------------------------------------------------------------
Algorithm		Best		Mean		Std		Median		SE		ConvIter	ΔMean		ΔIter
---------------------------------------------------------------------------------------------------
iPWO              	1.800e+03	1.801e+03	1.182e+00	1.801e+03	1.656e-01	3182.9	0.000e+00	0.0
PWO               	1.879e+03	2.288e+03	7.404e+02	2.035e+03	1.037e+02	2926.1	4.866e+02	-256.8
SFOA              	1.377e+05	2.576e+06	3.701e+06	1.247e+06	5.183e+05	72.8	2.574e+06	-3110.1
DRA               	9.887e+06	6.846e+07	5.361e+07	5.203e+07	7.507e+06	1322.7	6.846e+07	-1860.3
MGO               	1.839e+03	2.857e+03	1.479e+03	2.063e+03	2.071e+02	3329.8	1.056e+03	146.9
LCA               	1.011e+06	1.479e+08	1.850e+08	1.362e+08	2.590e+07	316.4	1.479e+08	-2866.5
DE                	1.800e+03	1.823e+03	6.110e+01	1.811e+03	8.555e+00	3330.8	2.159e+01	147.9
PSO               	1.818e+03	4.924e+03	2.464e+03	4.687e+03	3.451e+02	3294.6	3.122e+03	111.7
GWO               	1.856e+03	5.472e+03	2.441e+03	4.729e+03	3.419e+02	3332.9	3.670e+03	150.0
