=== Average statistics (CEC2022 F10, Dim=10) ===
---------------------------------------------------------------------------------------------------
Algorithm		Best		Mean		Std		Median		SE		ConvIter	ΔMean		ΔIter
---------------------------------------------------------------------------------------------------
iPWO              	2.500e+03	2.523e+03	4.398e+01	2.500e+03	6.159e+00	2461.9	0.000e+00	0.0
PWO               	2.501e+03	2.820e+03	4.473e+02	2.645e+03	6.263e+01	2823.9	2.974e+02	362.0
SFOA              	2.501e+03	2.610e+03	2.805e+02	2.503e+03	3.928e+01	115.4	8.733e+01	-2346.5
DRA               	2.520e+03	2.553e+03	2.569e+01	2.547e+03	3.597e+00	1392.4	2.975e+01	-1069.5
MGO               	2.500e+03	2.502e+03	1.467e+01	2.500e+03	2.054e+00	3170.9	-2.076e+01	708.9
LCA               	2.520e+03	3.625e+03	7.214e+02	3.642e+03	1.010e+02	35.9	1.101e+03	-2426.1
DE                	2.500e+03	2.535e+03	6.664e+01	2.500e+03	9.332e+00	1295.2	1.209e+01	-1166.7
PSO               	2.500e+03	2.565e+03	5.768e+01	2.609e+03	8.077e+00	1386.1	4.179e+01	-1075.9
GWO               	2.429e+03	2.563e+03	6.568e+01	2.606e+03	9.197e+00	3243.1	4.038e+01	781.2
