=== Average statistics (CEC2022 F8, Dim=10) ===
---------------------------------------------------------------------------------------------------
Algorithm		Best		Mean		Std		Median		SE		ConvIter	ΔMean		ΔIter
---------------------------------------------------------------------------------------------------
iPWO              	2.200e+03	2.204e+03	7.668e+00	2.200e+03	1.074e+00	3299.3	0.000e+00	0.0
PWO               	2.223e+03	2.279e+03	6.134e+01	2.239e+03	8.590e+00	2985.1	7.529e+01	-314.2
SFOA              	2.227e+03	2.242e+03	9.490e+00	2.240e+03	1.329e+00	91.7	3.783e+01	-3207.6
DRA               	2.237e+03	2.259e+03	1.587e+01	2.259e+03	2.222e+00	1465.8	5.556e+01	-1833.5
MGO               	2.200e+03	2.207e+03	9.426e+00	2.201e+03	1.320e+00	3327.9	3.555e+00	28.6
LCA               	2.234e+03	2.372e+03	1.070e+02	2.350e+03	1.498e+01	51.8	1.687e+02	-3247.5
DE                	2.200e+03	2.210e+03	1.021e+01	2.201e+03	1.430e+00	2979.8	6.128e+00	-319.5
PSO               	2.200e+03	2.243e+03	4.933e+01	2.221e+03	6.907e+00	2285.4	3.881e+01	-1013.9
GWO               	2.203e+03	2.224e+03	5.823e+00	2.225e+03	8.154e-01	2852.8	1.980e+01	-446.5
