CEC2022 cross-function summary
Functions included: 12 / 12
Friedman p = 5.378270e-16

Algorithm	Mean	Std	Median	SE	AvgRank	Win	Tie	Loss
iPWO	1.668352e+03	9.902001e+02	1.954411e+03	2.858462e+02	1.000	0	0	0
PWO	1.251598e+07	4.334761e+07	2.527916e+03	1.251338e+07	2.000	0	0	12
SFOA	4.871564e+06	1.683633e+07	2.814251e+03	4.860229e+06	3.000	0	0	12
DRA	1.326330e+08	4.594258e+08	3.283412e+03	1.326248e+08	4.000	0	0	12
MGO	2.267650e+03	2.282554e+03	2.125973e+03	6.589166e+02	5.000	0	2	10
LCA	4.556352e+08	1.578292e+09	4.581624e+03	4.556136e+08	6.000	0	0	12
DE	2.149389e+03	1.887849e+03	2.127185e+03	5.449751e+02	7.000	0	0	12
PSO	7.489962e+05	2.588192e+06	2.165900e+03	7.471467e+05	8.000	0	1	11
GWO	1.353527e+05	4.605845e+05	2.380659e+03	1.329593e+05	9.000	0	0	12
