=== Average statistics (CEC2022 F8, Dim=20) ===
---------------------------------------------------------------------------------------------------
Algorithm		Best		Mean		Std		Median		SE		ConvIter	ΔMean		ΔIter
---------------------------------------------------------------------------------------------------
iPWO              	2.206e+03	2.220e+03	2.178e+00	2.221e+03	3.050e-01	6656.8	0.000e+00	0.0
PWO               	2.227e+03	2.349e+03	1.296e+02	2.284e+03	1.815e+01	6295.8	1.286e+02	-360.9
SFOA              	2.247e+03	2.337e+03	6.870e+01	2.328e+03	9.620e+00	209.6	1.161e+02	-6447.2
DRA               	2.309e+03	2.552e+03	1.235e+02	2.580e+03	1.730e+01	3381.5	3.312e+02	-3275.2
MGO               	2.215e+03	2.225e+03	1.777e+00	2.225e+03	2.488e-01	6661.6	4.234e+00	4.9
LCA               	2.485e+03	3.632e+03	8.323e+02	3.575e+03	1.165e+02	92.6	1.411e+03	-6564.1
DE                	2.209e+03	2.224e+03	1.679e+01	2.222e+03	2.351e+00	6000.9	3.732e+00	-655.8
PSO               	2.221e+03	2.275e+03	7.423e+01	2.227e+03	1.039e+01	4760.8	5.403e+01	-1896.0
GWO               	2.223e+03	2.256e+03	4.955e+01	2.230e+03	6.938e+00	5900.7	3.504e+01	-756.1
