=== Average statistics (CEC2022 F7, Dim=20) ===
---------------------------------------------------------------------------------------------------
Algorithm		Best		Mean		Std		Median		SE		ConvIter	ΔMean		ΔIter
---------------------------------------------------------------------------------------------------
iPWO              	2.001e+03	2.015e+03	8.536e+00	2.020e+03	1.195e+00	6655.3	0.000e+00	0.0
PWO               	2.060e+03	2.272e+03	1.056e+02	2.291e+03	1.479e+01	5887.7	2.563e+02	-767.6
SFOA              	2.148e+03	2.209e+03	4.110e+01	2.202e+03	5.755e+00	180.1	1.940e+02	-6475.2
DRA               	2.168e+03	2.241e+03	4.159e+01	2.238e+03	5.823e+00	3009.7	2.255e+02	-3645.6
MGO               	2.003e+03	2.027e+03	7.202e+00	2.026e+03	1.008e+00	6658.9	1.181e+01	3.6
LCA               	2.258e+03	2.420e+03	8.185e+01	2.430e+03	1.146e+01	271.1	4.049e+02	-6384.2
DE                	2.020e+03	2.030e+03	1.161e+01	2.025e+03	1.625e+00	4715.5	1.473e+01	-1939.8
PSO               	2.022e+03	2.057e+03	4.216e+01	2.040e+03	5.903e+00	3024.2	4.186e+01	-3631.1
GWO               	2.026e+03	2.075e+03	4.479e+01	2.062e+03	6.271e+00	6320.5	5.945e+01	-334.7
