=== Average statistics (CEC2022 F11, Dim=10) ===
---------------------------------------------------------------------------------------------------
Algorithm		Best		Mean		Std		Median		SE		ConvIter	ΔMean		ΔIter
---------------------------------------------------------------------------------------------------
iPWO              	2.600e+03	2.871e+03	9.010e+01	2.900e+03	1.262e+01	553.3	0.000e+00	0.0
PWO               	2.601e+03	3.526e+03	5.530e+02	3.732e+03	7.744e+01	2964.0	6.552e+02	2410.7
SFOA              	3.249e+03	2.261e+04	2.007e+04	1.557e+04	2.810e+03	31.8	1.974e+04	-521.5
DRA               	3.543e+03	4.939e+03	3.708e+02	5.101e+03	5.192e+01	204.8	2.068e+03	-348.5
MGO               	2.600e+03	2.890e+03	2.397e+02	2.900e+03	3.356e+01	2069.6	1.981e+01	1516.3
LCA               	3.459e+03	1.896e+04	1.619e+04	1.324e+04	2.267e+03	11.2	1.609e+04	-542.1
DE                	2.600e+03	2.873e+03	8.357e+01	2.900e+03	1.170e+01	530.4	2.597e+00	-22.9
PSO               	2.600e+03	2.786e+03	1.676e+02	2.900e+03	2.347e+01	1192.0	-8.475e+01	638.7
GWO               	2.600e+03	2.951e+03	1.511e+02	2.918e+03	2.116e+01	3313.0	8.042e+01	2759.7
