=== Average statistics (CEC2022 F2, Dim=20) ===
---------------------------------------------------------------------------------------------------
Algorithm		Best		Mean		Std		Median		SE		ConvIter	ΔMean		ΔIter
---------------------------------------------------------------------------------------------------
iPWO              	4.000e+02	4.479e+02	6.910e+00	4.491e+02	9.676e-01	957.4	0.000e+00	0.0
PWO               	4.059e+02	5.331e+02	2.778e+02	4.491e+02	3.890e+01	6457.9	8.527e+01	5500.5
SFOA              	5.466e+02	7.403e+02	1.189e+02	7.288e+02	1.665e+01	193.4	2.924e+02	-764.0
DRA               	1.883e+03	3.138e+03	6.455e+02	3.220e+03	9.039e+01	3301.2	2.690e+03	2343.8
MGO               	4.087e+02	4.450e+02	9.999e+00	4.491e+02	1.400e+00	6645.9	-2.849e+00	5688.5
LCA               	2.798e+03	5.774e+03	1.331e+03	5.802e+03	1.864e+02	5.7	5.326e+03	-951.7
DE                	4.002e+02	4.479e+02	1.595e+01	4.491e+02	2.233e+00	3429.5	3.404e-02	2472.1
PSO               	4.009e+02	4.884e+02	7.439e+01	4.688e+02	1.042e+01	2847.8	4.050e+01	1890.5
GWO               	4.485e+02	4.968e+02	3.486e+01	4.858e+02	4.882e+00	6666.7	4.893e+01	5709.4
