=== Average statistics (CEC2022 F11, Dim=20) ===
---------------------------------------------------------------------------------------------------
Algorithm		Best		Mean		Std		Median		SE		ConvIter	ΔMean		ΔIter
---------------------------------------------------------------------------------------------------
iPWO              	2.900e+03	2.900e+03	2.876e-13	2.900e+03	4.027e-14	836.2	0.000e+00	0.0
PWO               	2.904e+03	3.776e+03	1.319e+03	3.364e+03	1.847e+02	6344.5	8.757e+02	5508.4
SFOA              	9.016e+03	5.307e+04	3.578e+04	4.596e+04	5.010e+03	48.6	5.017e+04	-787.6
DRA               	8.048e+03	1.032e+04	4.244e+02	1.049e+04	5.942e+01	486.4	7.419e+03	-349.7
MGO               	2.900e+03	3.116e+03	3.022e+02	3.028e+03	4.232e+01	2529.3	2.164e+02	1693.1
LCA               	1.052e+04	7.341e+04	5.326e+04	6.214e+04	7.458e+03	32.1	7.051e+04	-804.1
DE                	2.900e+03	2.988e+03	2.408e+02	2.901e+03	3.372e+01	2012.2	8.821e+01	1176.0
PSO               	2.900e+03	2.900e+03	4.067e-13	2.900e+03	5.695e-14	2219.9	4.547e-13	1383.7
GWO               	2.939e+03	3.519e+03	4.076e+02	3.404e+03	5.707e+01	6666.0	6.193e+02	5829.8
