=== Average statistics (CEC2022 F2, Dim=10) ===
---------------------------------------------------------------------------------------------------
Algorithm		Best		Mean		Std		Median		SE		ConvIter	ΔMean		ΔIter
---------------------------------------------------------------------------------------------------
iPWO              	4.000e+02	4.066e+02	3.119e+00	4.089e+02	4.368e-01	597.5	0.000e+00	0.0
PWO               	4.000e+02	4.458e+02	1.229e+02	4.041e+02	1.721e+01	3198.6	3.926e+01	2601.0
SFOA              	4.177e+02	4.852e+02	5.806e+01	4.735e+02	8.131e+00	108.0	7.865e+01	-489.5
DRA               	4.961e+02	8.791e+02	1.571e+02	8.851e+02	2.200e+01	1715.7	4.725e+02	1118.2
MGO               	4.000e+02	4.034e+02	3.166e+00	4.027e+02	4.434e-01	3321.1	-3.176e+00	2723.6
LCA               	6.648e+02	2.940e+03	1.664e+03	2.752e+03	2.330e+02	6.0	2.533e+03	-591.5
DE                	4.000e+02	4.070e+02	2.356e+00	4.073e+02	3.299e-01	1000.6	3.982e-01	403.1
PSO               	4.000e+02	4.230e+02	2.065e+01	4.195e+02	2.891e+00	801.5	1.638e+01	204.0
GWO               	4.003e+02	4.221e+02	2.302e+01	4.111e+02	3.223e+00	3333.5	1.547e+01	2736.0
