=== Average statistics (CEC2022 F3, Dim=10) ===
---------------------------------------------------------------------------------------------------
Algorithm		Best		Mean		Std		Median		SE		ConvIter	ΔMean		ΔIter
---------------------------------------------------------------------------------------------------
iPWO              	6.000e+02	6.000e+02	0.000e+00	6.000e+02	0.000e+00	561.4	0.000e+00	0.0
PWO               	6.194e+02	6.498e+02	1.296e+01	6.525e+02	1.815e+00	2348.4	4.985e+01	1787.0
SFOA              	6.135e+02	6.379e+02	1.475e+01	6.342e+02	2.065e+00	92.2	3.792e+01	-469.3
DRA               	6.270e+02	6.545e+02	9.658e+00	6.563e+02	1.352e+00	1565.4	5.447e+01	1004.0
MGO               	6.000e+02	6.000e+02	6.541e-05	6.000e+02	9.159e-06	936.1	1.396e-05	374.7
LCA               	6.528e+02	6.763e+02	1.039e+01	6.775e+02	1.454e+00	84.4	7.628e+01	-477.0
DE                	6.000e+02	6.000e+02	2.252e-06	6.000e+02	3.153e-07	518.8	7.647e-07	-42.7
PSO               	6.000e+02	6.005e+02	1.320e+00	6.000e+02	1.849e-01	1284.2	4.901e-01	722.8
GWO               	6.000e+02	6.008e+02	1.535e+00	6.001e+02	2.150e-01	3331.3	7.868e-01	2769.9
