=== Average statistics (CEC2022 F1, Dim=20) ===
---------------------------------------------------------------------------------------------------
Algorithm		Best		Mean		Std		Median		SE		ConvIter	ΔMean		ΔIter
---------------------------------------------------------------------------------------------------
iPWO              	3.000e+02	3.000e+02	0.000e+00	3.000e+02	0.000e+00	2827.2	0.000e+00	0.0
PWO               	3.002e+02	4.686e+03	8.331e+03	3.005e+02	1.167e+03	6246.8	4.386e+03	3419.6
SFOA              	1.609e+04	5.020e+04	1.687e+04	4.970e+04	2.362e+03	204.0	4.990e+04	-2623.3
DRA               	3.460e+04	5.485e+04	1.002e+04	5.591e+04	1.403e+03	2647.7	5.455e+04	-179.5
MGO               	3.005e+02	3.657e+02	7.719e+01	3.419e+02	1.081e+01	6663.5	6.573e+01	3836.3
LCA               	4.027e+04	1.298e+05	6.244e+04	1.126e+05	8.743e+03	560.7	1.295e+05	-2266.5
DE                	3.000e+02	3.503e+02	2.618e+02	3.000e+02	3.665e+01	5876.8	5.031e+01	3049.6
PSO               	3.000e+02	1.604e+03	3.726e+03	3.000e+02	5.218e+02	3194.0	1.304e+03	366.8
GWO               	5.363e+02	6.499e+03	3.631e+03	6.242e+03	5.085e+02	6666.8	6.199e+03	3839.6
