=== Average statistics (CEC2022 F5, Dim=10) ===
---------------------------------------------------------------------------------------------------
Algorithm		Best		Mean		Std		Median		SE		ConvIter	ΔMean		ΔIter
---------------------------------------------------------------------------------------------------
iPWO              	9.000e+02	9.000e+02	0.000e+00	9.000e+02	0.000e+00	381.1	0.000e+00	0.0
PWO               	1.109e+03	1.465e+03	9.858e+01	1.468e+03	1.380e+01	2972.8	5.650e+02	2591.7
SFOA              	9.393e+02	1.472e+03	6.018e+02	1.279e+03	8.428e+01	87.1	5.716e+02	-294.0
DRA               	1.433e+03	2.144e+03	1.948e+02	2.250e+03	2.727e+01	977.3	1.244e+03	596.2
MGO               	9.000e+02	9.000e+02	3.266e-05	9.000e+02	4.573e-06	3209.0	8.179e-06	2827.9
LCA               	1.577e+03	2.352e+03	3.402e+02	2.296e+03	4.764e+01	284.2	1.452e+03	-96.9
DE                	9.000e+02	9.000e+02	6.633e-02	9.000e+02	9.288e-03	495.4	1.456e-02	114.3
PSO               	9.000e+02	9.001e+02	2.317e-01	9.000e+02	3.245e-02	975.5	1.347e-01	594.4
GWO               	9.000e+02	9.121e+02	2.415e+01	9.016e+02	3.382e+00	3255.7	1.209e+01	2874.6
