=== Average statistics (CEC2022 F6, Dim=20) ===
---------------------------------------------------------------------------------------------------
Algorithm		Best		Mean		Std		Median		SE		ConvIter	ΔMean		ΔIter
---------------------------------------------------------------------------------------------------
iPWO              	1.814e+03	1.893e+03	7.248e+01	1.878e+03	1.015e+01	6665.2	0.000e+00	0.0
PWO               	1.946e+03	1.502e+08	5.180e+08	1.218e+04	7.253e+07	6232.0	1.502e+08	-433.2
SFOA              	1.407e+07	5.833e+07	5.728e+07	4.183e+07	8.021e+06	140.6	5.833e+07	-6524.5
DRA               	2.367e+08	1.592e+09	5.214e+08	1.676e+09	7.302e+07	2984.9	1.592e+09	-3680.3
MGO               	2.540e+03	8.773e+03	5.650e+03	6.984e+03	7.912e+02	6662.3	6.880e+03	-2.9
LCA               	1.234e+09	5.467e+09	1.875e+09	5.549e+09	2.626e+08	7.3	5.467e+09	-6657.9
DE                	1.854e+03	7.198e+03	5.927e+03	4.494e+03	8.299e+02	6664.8	5.304e+03	-0.4
PSO               	1.891e+03	8.968e+06	4.794e+07	6.398e+03	6.714e+06	6231.3	8.966e+06	-433.9
GWO               	1.985e+03	1.598e+06	5.699e+06	1.195e+04	7.980e+05	6666.9	1.596e+06	1.7
