=== Average statistics (CEC2022 F12, Dim=20) ===
---------------------------------------------------------------------------------------------------
Algorithm		Best		Mean		Std		Median		SE		ConvIter	ΔMean		ΔIter
---------------------------------------------------------------------------------------------------
iPWO              	2.931e+03	2.938e+03	5.128e+00	2.937e+03	7.181e-01	2778.3	0.000e+00	0.0
PWO               	3.059e+03	3.538e+03	2.835e+02	3.506e+03	3.969e+01	5981.7	6.007e+02	3203.4
SFOA              	2.956e+03	3.029e+03	3.796e+01	3.019e+03	5.315e+00	406.9	9.174e+01	-2371.5
DRA               	3.351e+03	3.572e+03	1.016e+02	3.582e+03	1.423e+01	3394.7	6.339e+02	616.4
MGO               	2.932e+03	2.939e+03	3.627e+00	2.938e+03	5.078e-01	6661.1	9.979e-01	3882.8
LCA               	3.290e+03	4.145e+03	3.581e+02	4.128e+03	5.015e+01	1.2	1.207e+03	-2777.1
DE                	2.937e+03	2.954e+03	1.469e+01	2.952e+03	2.057e+00	2462.1	1.657e+01	-316.2
PSO               	2.948e+03	3.018e+03	6.809e+01	3.001e+03	9.534e+00	1644.9	8.061e+01	-1133.5
GWO               	2.943e+03	2.967e+03	2.684e+01	2.959e+03	3.758e+00	6665.6	2.931e+01	3887.3
